 PyRegen Analysis Result

 ***************************************************************************************************************************

 Engine Definition


 Oxidizer : LOX
 Fuel : Fuel
 Chamber Pressure = 102.04081632653062 bar
 Mixture Ratio = 3.6
 Ae/A* = 10.0
 Throat Radius = 4.5 cm
 Characteristic Length = 80.0 cm

 Coolant : Methane
 Coolant Mass Flow Rate = 7.0 kg/s
 Coolant Inlet Temperature = 120.2 K
 Coolant Inlet Temperature = 150.0 bar


 Short CEA Output

 Combustion Temperature = 3631.8 K
 Specific Impulse = 307.6 s
 Engine Mass Flow Rate = 34.94 kg/s Engine Thrust = 105.45 kN 


 Short PyRegen Output

 Max Hot Wall Temperature = 600.88 K
 Coolant Outlet Temperature = 241.5 K
 Coolant Outlet Pressure = 116.29 bar
 Maximum Wall Heat Flux = 51086.9 kW
 Maximum Gas Side Heat Transfer Coefficient = 16.72 kW/m^2K

 Temperature Rise in The Channels = 121.34 K
 Coolant Pressure Drop Through The Channels  = 33.71 bar

 ***************************************************************************************************************************


PyRegen Main Output 
Station       cw(mm)        ch(mm)        A/At         T_l(K)     P_coolant(bar)    T_wl(K)       T_wg(K)    velocity(m/s)   hg(kW/m^2*K)   Q_flux(kW/m^2)
-------------------------------------------------------------------------------------------------------------------------------------------------------------------
1.00          0.60          2.50          8.06          120.16        150.00        355.47        399.37        36.68         3.47          11710.53  
2.00          0.60          2.50          7.91          122.20        147.18        353.66        398.02        36.93         3.51          11832.05  
3.00          0.60          2.50          7.75          124.12        146.93        354.39        399.23        37.15         3.55          11961.48  
4.00          0.60          2.50          7.58          126.04        146.68        353.67        399.04        37.38         3.59          12101.20  
5.00          0.60          2.50          7.41          127.95        146.42        352.83        398.76        37.61         3.64          12251.36  
6.00          0.60          2.50          7.24          129.86        146.16        352.03        398.56        37.84         3.69          12412.68  
7.00          0.60          2.50          7.06          131.76        145.89        351.34        398.52        38.08         3.75          12586.01  
8.00          0.60          2.50          6.88          133.67        145.62        350.75        398.63        38.33         3.80          12772.30  
9.00          0.60          2.50          6.70          135.57        145.35        350.29        398.92        38.58         3.87          12972.64  
10.00         0.60          2.50          6.51          137.47        145.07        349.95        399.38        38.83         3.94          13188.20  
11.00         0.60          2.50          6.32          139.37        144.79        349.72        400.03        39.10         4.01          13420.31  
12.00         0.60          2.50          6.13          141.27        144.50        349.62        400.86        39.36         4.09          13670.47  
13.00         0.60          2.50          5.93          143.17        144.21        349.64        401.89        39.64         4.17          13940.34  
14.00         0.60          2.50          5.73          145.07        143.91        349.77        403.12        39.92         4.27          14231.78  
15.00         0.60          2.50          5.53          146.98        143.61        350.02        404.55        40.21         4.37          14546.91  
16.00         0.60          2.50          5.33          148.88        143.31        350.38        406.19        40.50         4.47          14888.11  
17.00         0.60          2.50          5.13          150.79        143.00        350.86        408.06        40.80         4.59          15258.08  
18.00         0.60          2.50          4.93          152.70        142.69        351.46        410.16        41.12         4.72          15659.90  
19.00         0.60          2.50          4.72          154.62        142.37        352.17        412.52        41.44         4.86          16097.06  
20.00         0.60          2.50          4.52          156.54        142.05        353.01        415.14        41.77         5.01          16573.61  
21.00         0.60          2.50          4.31          158.46        141.72        353.97        418.05        42.11         5.18          17094.17  
22.00         0.60          2.50          4.11          160.40        141.39        355.05        421.27        42.47         5.36          17664.09  
23.00         0.60          2.50          3.90          162.34        141.05        356.27        424.83        42.84         5.56          18289.62  
24.00         0.60          2.50          3.70          164.29        140.71        357.62        428.76        43.22         5.78          18978.01  
25.00         0.60          2.50          3.50          166.25        140.36        359.11        433.10        43.61         6.02          19737.79  
26.00         0.60          2.50          3.30          168.22        140.00        360.75        437.89        44.03         6.29          20579.03  
27.00         0.60          2.50          3.10          170.21        139.65        362.54        443.18        44.46         6.59          21513.67  
28.00         0.60          2.50          2.90          172.21        139.28        364.49        449.05        44.91         6.93          22556.00  
29.00         0.60          2.50          2.71          174.23        138.91        366.62        455.55        45.38         7.31          23723.18  
30.00         0.60          2.50          2.52          176.27        138.53        368.93        462.78        45.87         7.74          25036.04  
31.00         0.60          2.50          2.33          178.33        138.15        371.44        470.85        46.39         8.22          26520.00  
32.00         0.60          2.50          2.15          180.41        137.76        374.16        479.89        46.94         8.78          28206.36  
33.00         0.60          2.50          1.97          182.51        137.37        377.10        490.06        47.53         9.42          30134.07  
34.00         0.60          2.50          1.80          184.65        136.96        380.27        501.55        48.15         10.16         32351.97  
35.00         0.60          2.50          1.63          186.81        136.55        383.69        514.59        48.81         11.02         34921.99  
36.00         0.60          2.50          1.46          189.01        136.14        387.34        529.49        49.51         12.04         37923.47  
37.00         0.60          2.50          1.31          191.25        135.71        393.68        549.04        50.28         13.25         41446.25  
38.00         0.60          2.50          1.21          192.74        135.43        398.12        562.84        50.81         14.13         43942.54  
39.00         0.60          2.50          1.16          193.58        135.28        400.32        571.36        51.12         14.72         45629.35  
40.00         0.60          2.50          1.11          194.43        135.12        402.38        579.22        51.43         15.27         47176.03  
41.00         0.60          2.50          1.07          195.28        134.97        404.28        586.19        51.76         15.76         48529.06  
42.00         0.60          2.50          1.04          196.14        134.81        405.95        592.02        52.10         16.16         49636.91  
43.00         0.60          2.50          1.02          197.01        134.65        407.37        596.50        52.45         16.46         50454.01  
44.00         0.60          2.50          1.00          197.87        134.49        408.50        599.47        52.81         16.65         50945.03  
45.00         0.60          2.50          1.00          198.74        134.33        409.38        600.88        53.18         16.72         51086.90  
46.00         0.60          2.50          1.01          200.64        133.96        410.33        600.84        54.02         16.64         50821.69  
47.00         0.60          2.50          1.02          202.52        133.60        410.84        598.73        54.90         16.41         50122.29  
48.00         0.60          2.50          1.05          204.36        133.22        410.90        594.62        55.81         16.04         49012.69  
49.00         0.60          2.50          1.09          206.15        132.83        410.59        588.86        56.77         15.54         47556.77  
50.00         0.60          2.50          1.14          207.90        132.44        409.89        581.57        57.75         14.94         45801.02  
51.00         0.60          2.50          1.20          209.60        132.04        408.86        573.12        58.77         14.26         43817.49  
52.00         0.60          2.50          1.28          211.25        131.63        407.56        563.77        59.82         13.52         41672.83  
53.00         0.60          2.50          1.37          212.84        131.21        406.04        553.85        60.89         12.76         39432.46  
54.00         0.60          2.50          1.48          214.37        130.78        404.37        543.65        61.99         11.99         37157.27  
55.00         0.60          2.50          1.60          215.84        130.34        402.57        533.36        63.12         11.22         34892.10  
56.00         0.60          2.50          1.74          217.26        129.88        400.71        523.21        64.27         10.48         32678.60  
57.00         0.60          2.50          1.90          218.62        129.42        398.86        513.38        65.45         9.77          30551.70  
58.00         0.60          2.50          2.07          219.93        128.95        395.55        502.51        66.64         9.09          28534.65  
59.00         0.60          2.50          2.19          220.74        128.63        394.34        496.69        67.43         8.68          27303.39  
60.00         0.60          2.50          2.32          221.53        128.31        393.23        491.30        68.22         8.31          26162.90  
61.00         0.60          2.50          2.45          222.31        127.98        392.22        486.33        69.02         7.96          25105.86  
62.00         0.60          2.50          2.58          223.06        127.65        391.30        481.72        69.83         7.64          24123.25  
63.00         0.60          2.50          2.72          223.80        127.31        390.47        477.47        70.65         7.34          23209.09  
64.00         0.60          2.50          2.86          224.52        126.97        389.71        473.51        71.47         7.06          22355.86  
65.00         0.60          2.50          3.00          225.23        126.62        387.04        467.87        72.31         6.80          21564.16  
66.00         0.60          2.50          3.00          226.65        125.89        387.73        468.56        74.08         6.80          21562.32  
67.00         0.60          2.50          3.00          228.05        125.13        388.47        469.29        75.94         6.80          21560.32  
68.00         0.60          2.50          3.00          229.43        124.36        389.28        470.09        77.89         6.80          21558.16  
69.00         0.60          2.50          3.00          230.80        123.56        390.16        470.96        79.93         6.80          21555.83  
70.00         0.60          2.50          3.00          232.15        122.74        391.11        471.91        82.06         6.80          21553.27  
71.00         0.60          2.50          3.00          233.50        121.89        392.15        472.93        84.30         6.80          21550.48  
72.00         0.60          2.50          3.00          234.84        121.03        393.28        474.05        86.64         6.81          21547.44  
73.00         0.60          2.50          3.00          236.17        120.13        394.51        475.27        89.08         6.81          21544.14  
74.00         0.60          2.50          3.00          237.50        119.22        395.83        476.58        91.64         6.81          21540.58  
75.00         0.60          2.50          3.00          238.83        118.27        397.25        477.98        94.31         6.81          21536.74  
76.00         0.60          2.50          3.00          240.16        117.29        398.78        479.49        97.11         6.81          21532.62  
77.00         0.60          2.50          3.00          241.50        116.29        400.40        481.10        100.02        6.81          21528.23  
